eye 3.7 3.7 3.7
look 0 0 0
up 0 0 1
fl 1
plane 1 -1 1 -1
light 30 0 0 0.5 0.5 0.5
light 0 30 0 0.5 0.5 0.5
material 0.0 0.0 0.0 0.04 0.04 0.04 0.0 0.0 0.0 1.0 1.0 1.0 0.0 0.0 0.0 128 0.0
sphere 30.0 30.0 30.0 50
sphere -30 -30 -30 50
material 0.0 0.0 0.0 0.4 0.0 0.0 0.2 0.2 0.2 1.0 1.0 1.0 1.0 1.0 1.0 128 0.2
sphere 0 0 -2 1
sphere -2 -2 2 1
material 0.0 0.0 0.0 0.0 0.0 0.4 0.2 0.2 0.2 1.0 1.0 1.0 1.0 1.0 1.0 128 0.2
sphere 2 -2 -2 1
sphere 0 -4 2 1
material 0.0 0.0 0.0 0.0 0.4 0.0 0.2 0.2 0.2 1.0 1.0 1.0 1.0 1.0 1.0 128 0.2
sphere -2 2 -2 1
sphere -4 0 2 1
material 0.0 0.0 0.0 0.0 0.4 0.4 0.2 0.2 0.2 1.0 1.0 1.0 1.0 1.0 1.0 128 0.2
sphere 4 -4 -2 1
sphere 2 -6 2 1
material 0.0 0.0 0.0 0.4 0.4 0.0 0.2 0.2 0.2 1.0 1.0 1.0 1.0 1.0 1.0 128 0.2
sphere -4 4 -2 1
sphere -6 2 2 1